1	0.0001	1	0.4	4.307897892865268
2	0.0001	1	0.4	1.2201588403094898
3	0.0001	1	0.4	0.37819812758402394
4	0.0001	1	0.4	0.20135297680442985
5	0.0001	1	0.4	0.12757503092288972
6	0.0001	1	0.4	0.09924035505814986
7	0.0001	1	0.4	0.16163276840340007
8	0.0001	1	0.4	0.06484764970161698
9	0.0001	1	0.4	0.04143305319276723
10	0.0001	1	0.4	0.025935944711620158
11	0.0001	1	0.4	4.762202401594682
12	0.0001	1	0.4	0.05897677310488441
13	0.0001	1	0.4	0.00888780780475248
14	0.0001	1	0.4	1.3458726687864824
15	0.0001	1	0.4	0.6465923542326147
16	0.0001	1	0.4	0.015764567205174402
17	0.0001	1	0.4	0.15480127321048218
18	0.0001	1	0.4	0.018964954872022977
19	0.0001	1	0.4	0.0034354045140472327
20	0.0001	1	0.4	0.0033517142503776336
21	0.0001	1	0.4	0.0049862783486870205
22	0.0001	1	0.4	0.0034712694161994893
23	0.0001	1	0.4	0.0032299919646571985
24	0.0001	1	0.4	0.0028876968490129168
25	0.0001	1	0.4	0.3994396854530681
26	0.0001	1	0.4	0.0471724580634724
27	0.0001	1	0.4	0.0586101042276079
28	0.0001	1	0.4	0.02130001021379774
29	0.0001	1	0.4	0.0026019130325452846
30	0.0001	1	0.4	0.0031332020393826745
31	0.0001	1	0.4	0.0021599057723175395
32	0.0001	1	0.4	0.016799546151675962
33	0.0001	1	0.4	0.05743550394069065
34	0.0001	1	0.4	0.04373610995032571
35	0.0001	1	0.4	0.002926175203174353
36	0.0001	1	0.4	0.003285984148864042
37	0.0001	1	0.4	0.010421649400483478
38	0.0001	1	0.4	0.0148377292196859
39	0.0001	1	0.4	0.0022389969788491728
40	0.0001	1	0.4	0.003417314335026524
41	0.0001	1	0.4	0.0018848437329076907
42	0.0001	1	0.4	0.002184370295567946
43	0.0001	1	0.4	0.0064589267173274
44	0.0001	1	0.4	0.10217691145159981
45	0.0001	1	0.4	0.002686437155882066
46	0.0001	1	0.4	0.00498963026329875
47	0.0001	1	0.4	0.0026431603441861543
48	0.0001	1	0.4	0.004788853295824744
49	0.0001	1	0.4	0.0018201860959048976
50	0.0001	1	0.4	0.007024139538407326
1	0.0001	1	0.8	3.6300991968675094
2	0.0001	1	0.8	1.078721495108171
3	0.0001	1	0.8	0.36603586782108655
4	0.0001	1	0.8	0.34368603933941233
5	0.0001	1	0.8	0.28739340820095755
6	0.0001	1	0.8	0.2639738169583407
7	0.0001	1	0.8	0.03944547738541256
8	0.0001	1	0.8	0.02616866264830936
9	0.0001	1	0.8	0.06857426965778524
10	0.0001	1	0.8	0.019844665107401935
11	0.0001	1	0.8	0.17696718763221395
12	0.0001	1	0.8	0.010434259186414154
13	0.0001	1	0.8	0.010492951507595452
14	0.0001	1	0.8	0.9609326633540067
15	0.0001	1	0.8	0.0225797926499085
16	0.0001	1	0.8	0.07372253726829182
17	0.0001	1	0.8	0.023579178208654576
18	0.0001	1	0.8	0.005012986080890352
19	0.0001	1	0.8	0.009553411670706488
20	0.0001	1	0.8	0.0193219170820984
21	0.0001	1	0.8	0.031143587963147597
22	0.0001	1	0.8	0.19965846972032028
23	0.0001	1	0.8	0.0064639553343030535
24	0.0001	1	0.8	0.01061301812190901
25	0.0001	1	0.8	0.006274829169904644
26	0.0001	1	0.8	0.009294453424147585
27	0.0001	1	0.8	0.015506888384168799
28	0.0001	1	0.8	0.011905960518528115
29	0.0001	1	0.8	0.012540937401354313
30	0.0001	1	0.8	0.01883192526345903
31	0.0001	1	0.8	0.011908879706805403
32	0.0001	1	0.8	0.09289506931196559
33	0.0001	1	0.8	0.01266624756496061
34	0.0001	1	0.8	0.1894276559352875
35	0.0001	1	0.8	0.021886745535514573
36	0.0001	1	0.8	0.018303318457169968
37	0.0001	1	0.8	0.07509328506209634
38	0.0001	1	0.8	0.01682226862758398
39	0.0001	1	0.8	0.010516148060560226
40	0.0001	1	0.8	0.012431474995206703
41	0.0001	1	0.8	0.013597043112597683
42	0.0001	1	0.8	0.01623568951406262
43	0.0001	1	0.8	0.2677148789167404
44	0.0001	1	0.8	0.16279380809177052
45	0.0001	1	0.8	0.00422363399781964
46	0.0001	1	0.8	0.28053912276571447
47	0.0001	1	0.8	0.004079404151575132
48	0.0001	1	0.8	0.009770236858590083
49	0.0001	1	0.8	0.016083344139836052
50	0.0001	1	0.8	0.004908299882134253
1	0.0005	1	0.4	0.7565145004879344
2	0.0005	1	0.4	0.10991016003218564
3	0.0005	1	0.4	0.427427555214275
4	0.0005	1	0.4	0.16426936306736686
5	0.0005	1	0.4	0.17139372663064437
6	0.0005	1	0.4	0.0164460986005989
7	0.0005	1	0.4	0.01253856723620133
8	0.0005	1	0.4	1.7991306998512961
9	0.0005	1	0.4	0.015676578710025008
10	0.0005	1	0.4	0.006413047049533237
11	0.0005	1	0.4	0.008943496534431522
12	0.0005	1	0.4	0.04318113015456633
13	0.0005	1	0.4	0.006498833635652607
14	0.0005	1	0.4	0.006399980856275017
15	0.0005	1	0.4	0.015134463950314305
16	0.0005	1	0.4	0.012138384885408662
17	0.0005	1	0.4	0.0036174916323613035
18	0.0005	1	0.4	0.007897209105166522
19	0.0005	1	0.4	0.008250633042983034
20	0.0005	1	0.4	0.0019437261412597515
21	0.0005	1	0.4	0.0016330298607830297
22	0.0005	1	0.4	0.0016003407368605786
23	0.0005	1	0.4	0.0014301315246319228
24	0.0005	1	0.4	0.0015238538066941229
25	0.0005	1	0.4	0.0011964101651260122
26	0.0005	1	0.4	0.0013738833801736209
27	0.0005	1	0.4	0.004705514691092752
28	0.0005	1	0.4	0.0011367381963116878
29	0.0005	1	0.4	0.0014650640268386765
30	0.0005	1	0.4	0.002638154633512551
31	0.0005	1	0.4	0.0020160447255792944
32	0.0005	1	0.4	0.0010206385441547767
33	0.0005	1	0.4	0.0032456525897776537
34	0.0005	1	0.4	0.0010012848958881064
35	0.0005	1	0.4	0.0015973738585175438
36	0.0005	1	0.4	0.0018049749185923825
37	0.0005	1	0.4	0.0009264216207983819
38	0.0005	1	0.4	0.001028425877236507
39	0.0005	1	0.4	0.003863679651509632
40	0.0005	1	0.4	0.0010548800335858355
41	0.0005	1	0.4	0.0024099332068792797
42	0.0005	1	0.4	0.00101791434307498
43	0.0005	1	0.4	0.0008808673031374135
44	0.0005	1	0.4	0.0014239571268924258
45	0.0005	1	0.4	0.0018696117934516884
46	0.0005	1	0.4	0.0008230995704335245
47	0.0005	1	0.4	0.0008593700561587783
48	0.0005	1	0.4	0.0016421173064207488
49	0.0005	1	0.4	0.0022823399694805796
50	0.0005	1	0.4	0.000778049776669253
1	0.0005	1	0.8	0.43339139168912716
2	0.0005	1	0.8	0.10436935926025565
3	0.0005	1	0.8	0.08169513575055383
4	0.0005	1	0.8	32.936650883067735
5	0.0005	1	0.8	0.023489855060523205
6	0.0005	1	0.8	0.03872403766621243
7	0.0005	1	0.8	0.2071452956308018
8	0.0005	1	0.8	0.033958198604258624
9	0.0005	1	0.8	0.05034357939254154
10	0.0005	1	0.8	0.05333298688585108
11	0.0005	1	0.8	0.03912993967533111
12	0.0005	1	0.8	0.03479844599284909
13	0.0005	1	0.8	0.08523795130577955
14	0.0005	1	0.8	0.023520861159671436
15	0.0005	1	0.8	0.008947636974467472
16	0.0005	1	0.8	0.02884406643834981
17	0.0005	1	0.8	0.013803434253416277
18	0.0005	1	0.8	0.005104062503034418
19	0.0005	1	0.8	0.017398500527170572
20	0.0005	1	0.8	0.027005671472711996
21	0.0005	1	0.8	0.003485641416839578
22	0.0005	1	0.8	0.0043590201149609955
23	0.0005	1	0.8	0.004184578744355928
24	0.0005	1	0.8	0.0041110977191816675
25	0.0005	1	0.8	0.003659533662721515
26	0.0005	1	0.8	0.0024389786476438696
27	0.0005	1	0.8	0.004068340797146613
28	0.0005	1	0.8	0.0018712463598190383
29	0.0005	1	0.8	0.001997903654013168
30	0.0005	1	0.8	0.001475493563339114
31	0.0005	1	0.8	0.005112476833164692
32	0.0005	1	0.8	0.0012765035562386567
33	0.0005	1	0.8	0.0045346712905236265
34	0.0005	1	0.8	0.0035096313423392447
35	0.0005	1	0.8	0.0017087276368825273
36	0.0005	1	0.8	0.0012424966637891801
37	0.0005	1	0.8	0.0012653587767007676
38	0.0005	1	0.8	0.0014729263218627735
39	0.0005	1	0.8	0.001283849704883654
40	0.0005	1	0.8	0.0016915033634921366
41	0.0005	1	0.8	0.0030255108055743303
42	0.0005	1	0.8	0.0011084848369302398
43	0.0005	1	0.8	0.003556666590950706
44	0.0005	1	0.8	0.0012964876220476899
45	0.0005	1	0.8	0.0015291852368549868
46	0.0005	1	0.8	0.002503344924612479
47	0.0005	1	0.8	0.001213713068599728
48	0.0005	1	0.8	0.0012406169987198982
49	0.0005	1	0.8	0.0037056847983463243
50	0.0005	1	0.8	0.0010874949649653653
1	0.001	1	0.4	0.47505474903366784
2	0.001	1	0.4	0.10868209112774242
3	0.001	1	0.4	0.4658063850619576
4	0.001	1	0.4	0.030537982826883144
5	0.001	1	0.4	0.03146289353343573
6	0.001	1	0.4	0.06500548259778456
7	0.001	1	0.4	2.5412554350766268
8	0.001	1	0.4	0.019249937988140366
9	0.001	1	0.4	0.035029339079152455
10	0.001	1	0.4	0.015154627998444166
11	0.001	1	0.4	0.007806919210336425
12	0.001	1	0.4	0.00771657767790285
13	0.001	1	0.4	0.012707768837836655
14	0.001	1	0.4	0.005759980046952312
15	0.001	1	0.4	0.0041757309809327126
16	0.001	1	0.4	0.004416424539786848
17	0.001	1	0.4	0.004539754351770336
18	0.001	1	0.4	0.7823593486439098
19	0.001	1	0.4	0.005813839049501853
20	0.001	1	0.4	0.0033053541090339424
21	0.001	1	0.4	0.003806828952987086
22	0.001	1	0.4	0.0029202456670728598
23	0.001	1	0.4	0.01991596648638899
24	0.001	1	0.4	0.005780843738466501
25	0.001	1	0.4	0.004283066902478988
26	0.001	1	0.4	0.0031969000712375748
27	0.001	1	0.4	0.0020564378302713685
28	0.001	1	0.4	0.013583692637356844
29	0.001	1	0.4	0.004559116179800846
30	0.001	1	0.4	0.003092575632035732
31	0.001	1	0.4	0.004293011361733079
32	0.001	1	0.4	0.005424259340559894
33	0.001	1	0.4	0.002980519640682773
34	0.001	1	0.4	0.0018313625509935347
35	0.001	1	0.4	0.002561128922653469
36	0.001	1	0.4	0.007145661767572165
37	0.001	1	0.4	0.0044432867572388865
38	0.001	1	0.4	0.009127290529960936
39	0.001	1	0.4	0.004693918967280875
40	0.001	1	0.4	0.0029144147876650093
41	0.001	1	0.4	0.0032190786420621654
42	0.001	1	0.4	0.038946276903152464
43	0.001	1	0.4	0.0016798144375736062
44	0.001	1	0.4	0.002428943854333325
45	0.001	1	0.4	0.013974996656179428
46	0.001	1	0.4	0.006653409044850956
47	0.001	1	0.4	0.18445758792487058
48	0.001	1	0.4	0.004351720497520133
49	0.001	1	0.4	0.0016351283083415845
50	0.001	1	0.4	0.00828517126766118
1	0.001	1	0.8	0.09601759815757925
2	0.001	1	0.8	0.20225434113632548
3	0.001	1	0.8	0.1690777055241845
4	0.001	1	0.8	1.5443475419824773
5	0.001	1	0.8	0.022451359067450872
6	0.001	1	0.8	0.03069478188726035
7	0.001	1	0.8	0.018455032767219978
8	0.001	1	0.8	0.08094129169529135
9	0.001	1	0.8	0.024573282931338657
10	0.001	1	0.8	0.7642337224700234
11	0.001	1	0.8	0.03426545922729102
12	0.001	1	0.8	0.009341078048402613
13	0.001	1	0.8	0.005933443998748606
14	0.001	1	0.8	0.02936152748086236
15	0.001	1	0.8	0.003797231889753179
16	0.001	1	0.8	0.021098468892953613
17	0.001	1	0.8	0.006291557230393995
18	0.001	1	0.8	0.004800845868885517
19	0.001	1	0.8	0.004992879863659089
20	0.001	1	0.8	0.0071204048581421375
21	0.001	1	0.8	0.0035479350565848027
22	0.001	1	0.8	0.0037643292664804244
23	0.001	1	0.8	0.005687137523835355
24	0.001	1	0.8	0.004178653090176257
25	0.001	1	0.8	0.0034178607843138955
26	0.001	1	0.8	0.002504292922094464
27	0.001	1	0.8	0.018714585629376498
28	0.001	1	0.8	0.007945125092836944
29	0.001	1	0.8	0.006311571276323362
30	0.001	1	0.8	0.004153115217658606
31	0.001	1	0.8	0.003960045655681328
32	0.001	1	0.8	0.0028578356839716436
33	0.001	1	0.8	0.0038352813614024356
34	0.001	1	0.8	0.00321951911107383
35	0.001	1	0.8	0.002402753385037861
36	0.001	1	0.8	0.0032701297536153686
37	0.001	1	0.8	0.0016042914347384463
38	0.001	1	0.8	0.10454794249751351
39	0.001	1	0.8	0.02655690728940747
40	0.001	1	0.8	0.01672218223525719
41	0.001	1	0.8	0.020735130459070206
42	0.001	1	0.8	0.0067365653982216665
43	0.001	1	0.8	0.004538661868057467
44	0.001	1	0.8	0.006341549347747456
45	0.001	1	0.8	0.00281447179784829
46	0.001	1	0.8	0.0023310329045423054
47	0.001	1	0.8	0.003009031078016216
48	0.001	1	0.8	0.05121850472959605
49	0.001	1	0.8	0.01702118527821519
50	0.001	1	0.8	0.010355823453177105
1	0.0001	2	0.4	5.244654208963568
2	0.0001	2	0.4	2.324271373315291
3	0.0001	2	0.4	1.0988554217598654
4	0.0001	2	0.4	0.47228574536063456
5	0.0001	2	0.4	0.23009145097299055
6	0.0001	2	0.4	0.1413131232966076
7	0.0001	2	0.4	0.09956139420921152
8	0.0001	2	0.4	0.08041031631556424
9	0.0001	2	0.4	0.07629594342275099
10	0.0001	2	0.4	0.06039781746539202
11	0.0001	2	0.4	0.036155182800509715
12	0.0001	2	0.4	0.030163426731120456
13	0.0001	2	0.4	0.026542777060107752
14	0.0001	2	0.4	0.026897490972822364
15	0.0001	2	0.4	0.01623134911060333
16	0.0001	2	0.4	0.01562207659537142
17	0.0001	2	0.4	0.011198848282749002
18	0.0001	2	0.4	0.010639808597889813
19	0.0001	2	0.4	0.014589373767375947
20	0.0001	2	0.4	0.007495571385053071
21	0.0001	2	0.4	0.008107870351523161
22	0.0001	2	0.4	0.0062403183176436205
23	0.0001	2	0.4	0.013817871141840112
24	0.0001	2	0.4	0.007802157095548781
25	0.0001	2	0.4	0.0044495789630507885
26	0.0001	2	0.4	0.008005601379343055
27	0.0001	2	0.4	0.0035201105881821028
28	0.0001	2	0.4	0.0032868452581831
29	0.0001	2	0.4	0.0033648402895778418
30	0.0001	2	0.4	0.003381623247299682
31	0.0001	2	0.4	0.008061152476478707
32	0.0001	2	0.4	0.006979482773352753
33	0.0001	2	0.4	0.005642944591289217
34	0.0001	2	0.4	0.0028259408321570268
35	0.0001	2	0.4	0.06527622260830619
36	0.0001	2	0.4	0.002976519119163806
37	0.0001	2	0.4	1.243318538232283
38	0.0001	2	0.4	0.0028064112983305347
39	0.0001	2	0.4	0.0027315681588582015
40	0.0001	2	0.4	0.4920191358436238
41	0.0001	2	0.4	0.0021919788411733777
42	0.0001	2	0.4	0.25167391950433904
43	0.0001	2	0.4	0.0024164578835056587
44	0.0001	2	0.4	0.0038581421387127854
45	0.0001	2	0.4	0.00183429882269014
46	0.0001	2	0.4	0.0028760223734107886
47	0.0001	2	0.4	0.003149314004589211
48	0.0001	2	0.4	0.00274572067216716
49	0.0001	2	0.4	0.0023922013584524392
50	0.0001	2	0.4	0.003667743279683319
1	0.0001	2	0.8	35.40831822482022
2	0.0001	2	0.8	7.097706586664374
3	0.0001	2	0.8	3.772904248671098
4	0.0001	2	0.8	2.182766149260781
5	0.0001	2	0.8	1.1506028153679588
6	0.0001	2	0.8	0.5555747595700351
7	0.0001	2	0.8	0.2503295787356117
8	0.0001	2	0.8	0.1379611390558156
9	0.0001	2	0.8	0.05627384822476994
10	0.0001	2	0.8	0.06021996878764846
11	0.0001	2	0.8	0.030665670775554398
12	0.0001	2	0.8	0.051918878067623485
13	0.0001	2	0.8	0.018815108270130373
14	0.0001	2	0.8	0.07461144653233615
15	0.0001	2	0.8	0.022025555101307957
16	0.0001	2	0.8	0.03344962044873021
17	0.0001	2	0.8	0.018210316872732207
18	0.0001	2	0.8	0.007127537578344345
19	0.0001	2	0.8	0.12778144912286238
20	0.0001	2	0.8	0.07425792996178973
21	0.0001	2	0.8	0.008832955597476527
22	0.0001	2	0.8	0.0495033973319964
23	0.0001	2	0.8	0.05012072751467878
24	0.0001	2	0.8	0.009029131763699379
25	0.0001	2	0.8	0.010651221735910935
26	0.0001	2	0.8	0.1012061441486532
27	0.0001	2	0.8	0.005350451535460624
28	0.0001	2	0.8	0.10331247719851407
29	0.0001	2	0.8	0.006823897556486455
30	0.0001	2	0.8	0.004669720442457633
31	0.0001	2	0.8	0.014571965485811234
32	0.0001	2	0.8	0.0035916751419956035
33	0.0001	2	0.8	0.0029653227295387873
34	0.0001	2	0.8	0.005368174688721245
35	0.0001	2	0.8	0.0040265408429232515
36	0.0001	2	0.8	0.009812760065225037
37	0.0001	2	0.8	0.06570206535133448
38	0.0001	2	0.8	0.006639868850735101
39	0.0001	2	0.8	0.0040907679675993595
40	0.0001	2	0.8	0.007510564366186207
41	0.0001	2	0.8	0.003368738344447179
42	0.0001	2	0.8	0.006688534570011226
43	0.0001	2	0.8	0.003315198044715957
44	0.0001	2	0.8	0.003283761856569485
45	0.0001	2	0.8	0.009702799012037841
46	0.0001	2	0.8	0.005420903649858453
47	0.0001	2	0.8	0.022121194275942717
48	0.0001	2	0.8	0.021758045797998254
49	0.0001	2	0.8	0.003055644691498442
50	0.0001	2	0.8	0.011906439438462257
1	0.0005	2	0.4	3.4564576235684483
2	0.0005	2	0.4	0.8755753061988137
3	0.0005	2	0.4	0.3088043464855714
4	0.0005	2	0.4	0.125908446718346
5	0.0005	2	0.4	0.1475083897059614
6	0.0005	2	0.4	0.743318399516019
7	0.0005	2	0.4	0.03892117315395312
8	0.0005	2	0.4	0.025501469217918137
9	0.0005	2	0.4	0.10074879405173388
10	0.0005	2	0.4	0.18874563114209608
11	0.0005	2	0.4	0.03764935620129108
12	0.0005	2	0.4	0.022349415787241676
13	0.0005	2	0.4	0.01664825315502557
14	0.0005	2	0.4	0.025911165028810502
15	0.0005	2	0.4	0.08772890513593501
16	0.0005	2	0.4	0.023677938058972357
17	0.0005	2	0.4	0.01035819769921628
18	0.0005	2	0.4	0.005055233260447329
19	0.0005	2	0.4	0.008375332716175101
20	0.0005	2	0.4	0.011009876802563667
21	0.0005	2	0.4	0.008257480414414948
22	0.0005	2	0.4	0.003600314898755063
23	0.0005	2	0.4	0.02411847212775187
24	0.0005	2	0.4	0.0035099933050911536
25	0.0005	2	0.4	0.0024075334722345526
26	0.0005	2	0.4	0.004277945292944258
27	0.0005	2	0.4	0.005313791063698855
28	0.0005	2	0.4	0.004762851895595139
29	0.0005	2	0.4	0.06492866047404029
30	0.0005	2	0.4	0.0023027773988856513
31	0.0005	2	0.4	0.021445428004319016
32	0.0005	2	0.4	0.004986917100508105
33	0.0005	2	0.4	0.005130005627870559
34	0.0005	2	0.4	0.004627219299701127
35	0.0005	2	0.4	0.0017979583131488073
36	0.0005	2	0.4	0.0023218875772065737
37	0.0005	2	0.4	0.0018252823713489554
38	0.0005	2	0.4	0.007542714400386268
39	0.0005	2	0.4	0.00293435345149853
40	0.0005	2	0.4	0.0027870785529640588
41	0.0005	2	0.4	0.0024467835731973703
42	0.0005	2	0.4	0.0012902570570903745
43	0.0005	2	0.4	0.0025034671649336814
44	0.0005	2	0.4	0.00148817600089718
45	0.0005	2	0.4	0.0014862995044412938
46	0.0005	2	0.4	0.0013397763631391255
47	0.0005	2	0.4	0.0014222018949856812
48	0.0005	2	0.4	0.001379481692459773
49	0.0005	2	0.4	0.0014386766357347368
50	0.0005	2	0.4	0.002719225726005706
1	0.0005	2	0.8	0.9791806947101246
2	0.0005	2	0.8	0.321987323327498
3	0.0005	2	0.8	0.21578951450911435
4	0.0005	2	0.8	0.31505740826780143
5	0.0005	2	0.8	0.08635985221375118
6	0.0005	2	0.8	0.2383556750687686
7	0.0005	2	0.8	0.12071975835345009
8	0.0005	2	0.8	0.0270382053472779
9	0.0005	2	0.8	0.15745706937529824
10	0.0005	2	0.8	0.018335470658811658
11	0.0005	2	0.8	0.04026878103613853
12	0.0005	2	0.8	0.2204727281223644
13	0.0005	2	0.8	0.05544141422618519
14	0.0005	2	0.8	0.019441898353397845
15	0.0005	2	0.8	0.03911991390314969
16	0.0005	2	0.8	0.03923684290864251
17	0.0005	2	0.8	0.01693573324856433
18	0.0005	2	0.8	0.39230039282278584
19	0.0005	2	0.8	0.32877621488137676
20	0.0005	2	0.8	0.024036257747899404
21	0.0005	2	0.8	0.11840257685292851
22	0.0005	2	0.8	0.036580374735322864
23	0.0005	2	0.8	0.015252520228651437
24	0.0005	2	0.8	0.006416191812604666
25	0.0005	2	0.8	0.059065154533494604
26	0.0005	2	0.8	0.007667460961436684
27	0.0005	2	0.8	0.04538327306509018
28	0.0005	2	0.8	0.007815283714708956
29	0.0005	2	0.8	0.004990595308217135
30	0.0005	2	0.8	0.008541448101062667
31	0.0005	2	0.8	0.005601937797936526
32	0.0005	2	0.8	0.02682340575212782
33	0.0005	2	0.8	0.04996146329424598
34	0.0005	2	0.8	0.00906527859412811
35	0.0005	2	0.8	0.004156091123480688
36	0.0005	2	0.8	0.006779752722518011
37	0.0005	2	0.8	0.002357146205295893
38	0.0005	2	0.8	0.03160806494680318
39	0.0005	2	0.8	0.0022047125903720205
40	0.0005	2	0.8	0.008558499237353152
41	0.0005	2	0.8	0.00166694268965247
42	0.0005	2	0.8	0.0026382250160994856
43	0.0005	2	0.8	0.002275823230262507
44	0.0005	2	0.8	0.0023855804190547627
45	0.0005	2	0.8	0.0029063495638018307
46	0.0005	2	0.8	0.0035042325669730253
47	0.0005	2	0.8	0.003348275443369692
48	0.0005	2	0.8	0.0025797177995131775
49	0.0005	2	0.8	0.004517918516119773
50	0.0005	2	0.8	0.007060020594772967
1	0.001	2	0.4	0.6497226135297255
2	0.001	2	0.4	0.4615230749953877
3	0.001	2	0.4	0.09749042134393346
4	0.001	2	0.4	52.51088381680575
5	0.001	2	0.4	0.06409456607970325
6	0.001	2	0.4	0.0508937268094583
7	0.001	2	0.4	0.03597893010486256
8	0.001	2	0.4	0.028569776700301603
9	0.001	2	0.4	0.012176302617246454
10	0.001	2	0.4	0.09088811562819914
11	0.001	2	0.4	0.007691455175253478
12	0.001	2	0.4	0.0797442188994451
13	0.001	2	0.4	0.02558643560517918
14	0.001	2	0.4	74.20809062610974
15	0.001	2	0.4	1.1735809889706699
16	0.001	2	0.4	0.11531500884077765
17	0.001	2	0.4	0.050923600521954625
18	0.001	2	0.4	0.03772370994768359
19	0.001	2	0.4	0.02521660602228208
20	0.001	2	0.4	0.019796682115305553
21	0.001	2	0.4	0.01657219102436846
22	0.001	2	0.4	0.013885601355948232
23	0.001	2	0.4	0.030052139135924253
24	0.001	2	0.4	0.009670862479304725
25	0.001	2	0.4	0.008707761027934876
26	0.001	2	0.4	0.007799016345630992
27	0.001	2	0.4	0.004955531165681102
28	0.001	2	0.4	0.004961463377218355
29	0.001	2	0.4	0.031883409653197636
30	0.001	2	0.4	0.0030555816875262693
31	0.001	2	0.4	0.003464999778026884
32	0.001	2	0.4	0.0036829526197503914
33	0.001	2	0.4	0.003871358410370621
34	0.001	2	0.4	0.0034043206875635818
35	0.001	2	0.4	0.001917619884691455
36	0.001	2	0.4	0.0048526040617037905
37	0.001	2	0.4	0.0030559185723012146
38	0.001	2	0.4	0.0028918461239134724
39	0.001	2	0.4	0.001767816032621671
40	0.001	2	0.4	3.877879428863525
41	0.001	2	0.4	0.2880502698096362
42	0.001	2	0.4	0.12396331307562915
43	0.001	2	0.4	0.06691592674363743
44	0.001	2	0.4	0.04151953736489469
45	0.001	2	0.4	0.028892036391930147
46	0.001	2	0.4	0.026718337190422145
47	0.001	2	0.4	0.017196941206401046
48	0.001	2	0.4	0.01210992249914191
49	0.001	2	0.4	0.030876604095101356
50	0.001	2	0.4	0.009710122407837347
1	0.001	2	0.8	0.29231954406608235
2	0.001	2	0.8	0.2865840836004777
3	0.001	2	0.8	2.2781128991733897
4	0.001	2	0.8	0.2259080637585033
5	0.001	2	0.8	0.794508999044245
6	0.001	2	0.8	0.3198328272862868
7	0.001	2	0.8	0.06100829135287892
8	0.001	2	0.8	0.25824399427934125
9	0.001	2	0.8	0.04677990112792362
10	0.001	2	0.8	5.911189395731146
11	0.001	2	0.8	0.06328826174139976
12	0.001	2	0.8	0.09782024391672828
13	0.001	2	0.8	0.015322580950503999
14	0.001	2	0.8	0.0934361143545671
15	0.001	2	0.8	0.9280202312902971
16	0.001	2	0.8	0.10952580571174622
17	0.001	2	0.8	0.039851173826239324
18	0.001	2	0.8	0.022499940205704082
19	0.001	2	0.8	0.013360132852738554
20	0.001	2	0.8	0.009956624477424405
21	0.001	2	0.8	0.015505956824530254
22	0.001	2	0.8	0.00488927529447458
23	0.001	2	0.8	0.054946745457974344
24	0.001	2	0.8	0.009425134770572186
25	0.001	2	0.8	0.004163352637128396
26	0.001	2	0.8	0.008076817923310128
27	0.001	2	0.8	0.007493843468414111
28	0.001	2	0.8	0.008341479267586362
29	0.001	2	0.8	0.00559340093115514
30	0.001	2	0.8	0.008006646213206377
31	0.001	2	0.8	0.003248841120776805
32	0.001	2	0.8	0.1147635277022015
33	0.001	2	0.8	0.003964597786861387
34	0.001	2	0.8	0.004476054935631427
35	0.001	2	0.8	0.002617263108153235
36	0.001	2	0.8	0.35777876702221956
37	0.001	2	0.8	0.045058903572234243
38	0.001	2	0.8	0.02649015760557218
39	0.001	2	0.8	0.01898935135792602
40	0.001	2	0.8	0.013358136655932122
41	0.001	2	0.8	0.009191208789971742
42	0.001	2	0.8	0.00700216664170677
43	0.001	2	0.8	0.005855374156751416
44	0.001	2	0.8	0.005810439120978117
45	0.001	2	0.8	0.004164200199937278
46	0.001	2	0.8	0.016591660627587275
47	0.001	2	0.8	0.006830991660668091
48	0.001	2	0.8	0.0031437243758277457
49	0.001	2	0.8	0.003141470913859931
50	0.001	2	0.8	0.013784181665290485
1	0.0001	3	0.4	31.039983957464045
2	0.0001	3	0.4	6.151190567016601
3	0.0001	3	0.4	3.117346360466697
4	0.0001	3	0.4	1.888569636778398
5	0.0001	3	0.4	1.120284338430925
6	0.0001	3	0.4	0.6638041301207109
7	0.0001	3	0.4	0.4031866116957231
8	0.0001	3	0.4	0.263539531826973
9	0.0001	3	0.4	0.18360150077126242
10	0.0001	3	0.4	0.12599437588995152
11	0.0001	3	0.4	0.08579086139798164
12	0.0001	3	0.4	0.06583054309541529
13	0.0001	3	0.4	0.05116311569105495
14	0.0001	3	0.4	0.04275384457273917
15	0.0001	3	0.4	0.03568514470349659
16	0.0001	3	0.4	0.10455318174578927
17	0.0001	3	0.4	1.3412473786960948
18	0.0001	3	0.4	0.021500190178101713
19	0.0001	3	0.4	0.01924243201924996
20	0.0001	3	0.4	0.017355640554292635
21	0.0001	3	0.4	0.032062128321690996
22	0.0001	3	0.4	0.016798435219309547
23	0.0001	3	0.4	0.24750674096020786
24	0.0001	3	0.4	0.36818036978895013
25	0.0001	3	0.4	0.03896506110375578
26	0.0001	3	0.4	0.009661116501824423
27	0.0001	3	0.4	1.6319922252134844
28	0.0001	3	0.4	0.006954207466068593
29	0.0001	3	0.4	0.006340834316374226
30	0.0001	3	0.4	0.03954496376893737
31	0.0001	3	0.4	0.0070332219824194905
32	0.0001	3	0.4	0.008370591911741278
33	0.0001	3	0.4	0.006483612124892798
34	0.0001	3	0.4	0.010341540588573976
35	0.0001	3	0.4	0.10110498815774918
36	0.0001	3	0.4	0.16586884531107815
37	0.0001	3	0.4	0.013192633776502176
38	0.0001	3	0.4	0.005619292401454665
39	0.0001	3	0.4	0.003539197358556769
40	0.0001	3	0.4	0.029468250003728
41	0.0001	3	0.4	0.002919227642599832
42	0.0001	3	0.4	0.012721009992740371
43	0.0001	3	0.4	0.06072273295034062
44	0.0001	3	0.4	0.0038611118639395995
45	0.0001	3	0.4	0.02377026534893296
46	0.0001	3	0.4	0.013943367349830541
47	0.0001	3	0.4	0.045596386153589595
48	0.0001	3	0.4	0.018170741674574938
49	0.0001	3	0.4	0.017114143547686665
50	0.0001	3	0.4	0.010080578245899894
1	0.0001	3	0.8	15.466520274769175
2	0.0001	3	0.8	5.363092730262062
3	0.0001	3	0.8	2.917923909967596
4	0.0001	3	0.8	1.7767430717294865
5	0.0001	3	0.8	1.010803700577129
6	0.0001	3	0.8	0.569628634777936
7	0.0001	3	0.8	0.3293230788274245
8	0.0001	3	0.8	0.20457766218618914
9	0.0001	3	0.8	0.14141140647909858
10	0.0001	3	0.8	0.0902232021770694
11	0.0001	3	0.8	0.07748074172572657
12	0.0001	3	0.8	0.17658312618732452
13	0.0001	3	0.8	0.06762724708427083
14	0.0001	3	0.8	0.03486385524950244
15	0.0001	3	0.8	0.15244725752960553
16	0.0001	3	0.8	0.014337699284607713
17	0.0001	3	0.8	0.014449018849567934
18	0.0001	3	0.8	0.016183489916676824
19	0.0001	3	0.8	0.011524574052203786
20	0.0001	3	0.8	0.008853072664615783
21	0.0001	3	0.8	0.014932489242743362
22	0.0001	3	0.8	0.008042902270839973
23	0.0001	3	0.8	0.02281646359373223
24	0.0001	3	0.8	0.004868956595997918
25	0.0001	3	0.8	0.016513866355473344
26	0.0001	3	0.8	0.03347416997633197
27	0.0001	3	0.8	0.005097825630483302
28	0.0001	3	0.8	0.009278371963988652
29	0.0001	3	0.8	0.01049447651444511
30	0.0001	3	0.8	0.004216415507041596
31	0.0001	3	0.8	0.0045156778598373585
32	0.0001	3	0.8	0.017727552523667162
33	0.0001	3	0.8	0.0063897023570131176
34	0.0001	3	0.8	0.0034384398213164373
35	0.0001	3	0.8	0.19666964438828555
36	0.0001	3	0.8	0.00566481485624205
37	0.0001	3	0.8	0.08037864362651652
38	0.0001	3	0.8	0.003241926973516291
39	0.0001	3	0.8	0.0030430080072784966
40	0.0001	3	0.8	0.47728018814867196
41	0.0001	3	0.8	0.004922059504315257
42	0.0001	3	0.8	0.003396191562271931
43	0.0001	3	0.8	0.019291880405084654
44	0.0001	3	0.8	0.007266430878503756
45	0.0001	3	0.8	0.005566681532019919
46	0.0001	3	0.8	0.013584787347777324
47	0.0001	3	0.8	0.04819736561991952
48	0.0001	3	0.8	0.003964934307573872
49	0.0001	3	0.8	0.003501430970870636
50	0.0001	3	0.8	0.003437066552313891
1	0.0005	3	0.4	2.824277773770419
2	0.0005	3	0.4	0.9388863021677191
3	0.0005	3	0.4	0.36024315519766376
4	0.0005	3	0.4	0.17508174316449598
5	0.0005	3	0.4	0.4693739685145291
6	0.0005	3	0.4	0.07757557826963338
7	0.0005	3	0.4	0.0537193510342728
8	0.0005	3	0.4	39.458678089488636
9	0.0005	3	0.4	0.035682003437118096
10	0.0005	3	0.4	0.032652888006784696
11	0.0005	3	0.4	1.4540314782749524
12	0.0005	3	0.4	0.07294926738197154
13	0.0005	3	0.4	0.028069788149812005
14	0.0005	3	0.4	0.02017106364735148
15	0.0005	3	0.4	0.04534075544639067
16	0.0005	3	0.4	0.022260627726262267
17	0.0005	3	0.4	0.11153232726183805
18	0.0005	3	0.4	0.0722529721531001
19	0.0005	3	0.4	0.030920581316406077
20	0.0005	3	0.4	0.024227676608345725
21	0.0005	3	0.4	1.8787021680311724
22	0.0005	3	0.4	0.23446142131632025
23	0.0005	3	0.4	0.02318329428407279
24	0.0005	3	0.4	6.717909544164484
25	0.0005	3	0.4	0.014569934322075411
26	0.0005	3	0.4	0.08080483905293724
27	0.0005	3	0.4	0.013674780252304944
28	0.0005	3	0.4	0.01081781524487517
29	0.0005	3	0.4	0.008160914963280613
30	0.0005	3	0.4	0.11051743978803807
31	0.0005	3	0.4	0.13104147436943922
32	0.0005	3	0.4	0.0237730048596859
33	0.0005	3	0.4	0.04356670027429407
34	0.0005	3	0.4	0.008431793317537416
35	0.0005	3	0.4	0.3717688674276525
36	0.0005	3	0.4	0.16325713965025815
37	0.0005	3	0.4	0.00570756903087551
38	0.0005	3	0.4	0.025678542628884315
39	0.0005	3	0.4	0.11667675077915192
40	0.0005	3	0.4	0.02962151901288466
41	0.0005	3	0.4	0.026101098988543858
42	0.0005	3	0.4	0.0034379190172661436
43	0.0005	3	0.4	0.0027693831404163077
44	0.0005	3	0.4	0.033533484285528006
45	0.0005	3	0.4	0.006981135921722109
46	0.0005	3	0.4	0.028779409588737922
47	0.0005	3	0.4	0.11846416064284064
48	0.0005	3	0.4	0.006205936453559182
49	0.0005	3	0.4	0.02164125738834793
50	0.0005	3	0.4	2.052350616455078
1	0.0005	3	0.8	2.4090963992205534
2	0.0005	3	0.8	0.5927871519869025
3	0.0005	3	0.8	0.252008117870851
4	0.0005	3	0.8	0.1550814319740642
5	0.0005	3	0.8	0.3861530894582922
6	0.0005	3	0.8	0.08791840076446533
7	0.0005	3	0.8	0.15693787295709957
8	0.0005	3	0.8	0.07551893219351768
9	0.0005	3	0.8	28.99131747159091
10	0.0005	3	0.8	0.031354944746602664
11	0.0005	3	0.8	0.0220008791170337
12	0.0005	3	0.8	0.06782272762872955
13	0.0005	3	0.8	0.20499063215472482
14	0.0005	3	0.8	0.044124805249951105
15	0.0005	3	0.8	0.04715459299358454
16	0.0005	3	0.8	0.028637041625651446
17	0.0005	3	0.8	0.23220562691038305
18	0.0005	3	0.8	0.008233190564946695
19	0.0005	3	0.8	0.150789897414771
20	0.0005	3	0.8	0.02335379858585921
21	0.0005	3	0.8	0.07478513433174654
22	0.0005	3	0.8	0.1214175818995996
23	0.0005	3	0.8	12.40053109255704
24	0.0005	3	0.8	0.006895621154795993
25	0.0005	3	0.8	0.8967226635326039
26	0.0005	3	0.8	0.16419781907038256
27	0.0005	3	0.8	0.04238689277659763
28	0.0005	3	0.8	0.07153793322769078
29	0.0005	3	0.8	0.014248486963862722
30	0.0005	3	0.8	0.06403673487630758
31	0.0005	3	0.8	0.008914482246407054
32	0.0005	3	0.8	0.11573304235935211
33	0.0005	3	0.8	0.0241372691298073
34	0.0005	3	0.8	0.3957794509150765
35	0.0005	3	0.8	0.0076020924967121
36	0.0005	3	0.8	0.03126277981156653
37	0.0005	3	0.8	0.012866132909601384
38	0.0005	3	0.8	0.01902350007810376
39	0.0005	3	0.8	0.06394474066116593
40	0.0005	3	0.8	0.0075619700364768505
41	0.0005	3	0.8	0.34459384246305985
42	0.0005	3	0.8	0.005579048564488238
43	0.0005	3	0.8	0.017703712240538814
44	0.0005	3	0.8	0.047936402464454825
45	0.0005	3	0.8	0.0075526782565496185
46	0.0005	3	0.8	0.024662480875849723
47	0.0005	3	0.8	0.0035663695709610525
48	0.0005	3	0.8	0.04548575383695689
49	0.0005	3	0.8	0.0041105679617348045
50	0.0005	3	0.8	0.1252213880419731
1	0.001	3	0.4	2.208042114431208
2	0.001	3	0.4	0.33993587385524404
3	0.001	3	0.4	0.11271668699654666
4	0.001	3	0.4	0.05593587810342962
5	0.001	3	0.4	0.19631173529408194
6	0.001	3	0.4	2.535668100010265
7	0.001	3	0.4	0.021713916313919154
8	0.001	3	0.4	0.05277245633981444
9	0.001	3	0.4	0.02762905311855403
10	0.001	3	0.4	0.27888485301624644
11	0.001	3	0.4	0.04410926821556958
12	0.001	3	0.4	0.024685658243569462
13	0.001	3	0.4	0.018525590595196595
14	0.001	3	0.4	0.16452171748334712
15	0.001	3	0.4	5.378017841685902
16	0.001	3	0.4	0.011290658282285386
17	0.001	3	0.4	0.7778295787897977
18	0.001	3	0.4	0.12552057003433054
19	0.001	3	0.4	0.06113931306383826
20	0.001	3	0.4	0.036229849809950046
21	0.001	3	0.4	0.023893280428918924
22	0.001	3	0.4	0.016474015333435753
23	0.001	3	0.4	0.011577265370975842
24	0.001	3	0.4	0.011141948266462847
25	0.001	3	0.4	0.006618357729166746
26	0.001	3	0.4	0.005350174729458311
27	0.001	3	0.4	0.02051213349808346
28	0.001	3	0.4	0.14599056121977894
29	0.001	3	0.4	0.008367828228934244
30	0.001	3	0.4	0.0037743995516476307
31	0.001	3	0.4	0.0050099913708188315
32	0.001	3	0.4	0.012798747437244112
33	0.001	3	0.4	0.0027900199744511733
34	0.001	3	0.4	0.005065928475761956
35	0.001	3	0.4	0.0028078309260308743
36	0.001	3	0.4	0.009468287280337377
37	0.001	3	0.4	0.0026710495818406343
38	0.001	3	0.4	0.02254084711047736
39	0.001	3	0.4	0.003556893122467128
40	0.001	3	0.4	0.003294002264738083
41	0.001	3	0.4	0.005154288162223317
42	0.001	3	0.4	0.5346149818463759
43	0.001	3	0.4	0.044714427400719035
44	0.001	3	0.4	0.01900714012709531
45	0.001	3	0.4	0.009838022596456789
46	0.001	3	0.4	0.006815767804668708
47	0.001	3	0.4	0.005512004337188872
48	0.001	3	0.4	0.004597364505752921
49	0.001	3	0.4	0.004018422021445903
50	0.001	3	0.4	0.0036667398558082906
1	0.001	3	0.8	1.5231466596776788
2	0.001	3	0.8	0.13286367546428335
3	0.001	3	0.8	0.03835771544413133
4	0.001	3	0.8	0.018229432674971492
5	0.001	3	0.8	0.012601982412690466
6	0.001	3	0.8	0.020629619671539826
7	0.001	3	0.8	0.13971317600120198
8	0.001	3	0.8	0.5151198522611098
9	0.001	3	0.8	0.11056359342553398
10	0.001	3	0.8	0.021973442828113383
11	0.001	3	0.8	2.9967164516448976
12	0.001	3	0.8	0.026874287257140334
13	0.001	3	0.8	0.385437814484943
14	0.001	3	0.8	0.3279267468235709
15	0.001	3	0.8	0.015406504544344815
16	0.001	3	0.8	0.11441024352203716
17	0.001	3	0.8	0.1212539871985262
18	0.001	3	0.8	0.6648956125432794
19	0.001	3	0.8	5.383848511088978
20	0.001	3	0.8	0.15323036313056945
21	0.001	3	0.8	1.5077369776639071
22	0.001	3	0.8	0.014794874529946935
23	0.001	3	0.8	0.3154356604272669
24	0.001	3	0.8	0.02473936267197132
25	0.001	3	0.8	0.1925555557012558
26	0.001	3	0.8	0.09455315958369861
27	0.001	3	0.8	0.16742339676076715
28	0.001	3	0.8	0.717041679945859
29	0.001	3	0.8	0.06312532560391859
30	0.001	3	0.8	0.027443543821573258
31	0.001	3	0.8	0.015173843452198939
32	0.001	3	0.8	0.010026510542427952
33	0.001	3	0.8	0.007510662722316655
34	0.001	3	0.8	0.006104399941184304
35	0.001	3	0.8	0.006398097899827091
36	0.001	3	0.8	0.006953248229216446
37	0.001	3	0.8	0.00459424877031283
38	0.001	3	0.8	0.005162088801576333
39	0.001	3	0.8	0.022684626552191646
40	0.001	3	0.8	0.00650985265489329
41	0.001	3	0.8	0.003514860701662573
42	0.001	3	0.8	0.003957059742374854
43	0.001	3	0.8	0.007909242139959877
44	0.001	3	0.8	0.009668192165819081
45	0.001	3	0.8	0.009094917528669942
46	0.001	3	0.8	0.006598953183063052
47	0.001	3	0.8	0.010963188128715213
48	0.001	3	0.8	0.004283919642594727
49	0.001	3	0.8	0.0029248378408903426
50	0.001	3	0.8	0.0022163092920725997
1	0.0001	1	0.0	9.558404289592396
2	0.0001	1	0.0	2.927397866682573
3	0.0001	1	0.0	1.042945193160664
4	0.0001	1	0.0	0.2951326137239283
5	0.0001	1	0.0	0.11936802051284097
6	0.0001	1	0.0	0.07865034917538816
7	0.0001	1	0.0	0.053014801374890584
8	0.0001	1	0.0	0.03623053008182482
9	0.0001	1	0.0	0.02320744005793875
10	0.0001	1	0.0	0.016320831768892027
11	0.0001	1	0.0	0.01661890113556927
12	0.0001	1	0.0	0.017015009779821743
13	0.0001	1	0.0	0.08371704545888034
14	0.0001	1	0.0	0.005985667895187031
15	0.0001	1	0.0	0.004003492366014556
16	0.0001	1	0.0	0.04409416101195596
17	0.0001	1	0.0	0.012396290627392855
18	0.0001	1	0.0	0.0026842145206914707
19	0.0001	1	0.0	0.002479431352747435
20	0.0001	1	0.0	0.006285696459764784
21	0.0001	1	0.0	0.004366925464604389
22	0.0001	1	0.0	0.002737609584900466
23	0.0001	1	0.0	0.0024006023960696024
24	0.0001	1	0.0	0.01699578125368465
25	0.0001	1	0.0	0.0271049078553915
26	0.0001	1	0.0	0.006972643910822543
27	0.0001	1	0.0	0.012508551539345221
28	0.0001	1	0.0	0.002162354221482846
29	0.0001	1	0.0	0.0022549589270387184
30	0.0001	1	0.0	0.006068101576106114
31	0.0001	1	0.0	0.03429230783473362
32	0.0001	1	0.0	0.0016245361184701324
33	0.0001	1	0.0	0.0016238141445104372
34	0.0001	1	0.0	0.0018743212779306552
35	0.0001	1	0.0	0.0016119066477668555
36	0.0001	1	0.0	0.09407060092145747
37	0.0001	1	0.0	0.0016271680889820511
38	0.0001	1	0.0	0.004801169749010693
39	0.0001	1	0.0	0.00185620140241967
40	0.0001	1	0.0	0.0015759323088621552
41	0.0001	1	0.0	0.002457553055137396
42	0.0001	1	0.0	0.0015702044654806906
43	0.0001	1	0.0	0.0014435308032923124
44	0.0001	1	0.0	0.0022532629103145818
45	0.0001	1	0.0	0.001513584368777546
46	0.0001	1	0.0	0.00131077315362001
47	0.0001	1	0.0	0.0016270266570658847
48	0.0001	1	0.0	0.00740160360424356
49	0.0001	1	0.0	0.0014299325560304251
50	0.0001	1	0.0	0.0027268300467932767
1	0.0005	1	0.0	0.5260847281325948
2	0.0005	1	0.0	96.71109466552734
3	0.0005	1	0.0	0.5595073846253482
4	0.0005	1	0.0	5.564644917574796
5	0.0005	1	0.0	0.04244705093177882
6	0.0005	1	0.0	0.13876254734667864
7	0.0005	1	0.0	0.5420301605354656
8	0.0005	1	0.0	0.16412947191433472
9	0.0005	1	0.0	0.0395116464658217
10	0.0005	1	0.0	0.008195046834986319
11	0.0005	1	0.0	0.006197726345536384
12	0.0005	1	0.0	0.22290491624311967
13	0.0005	1	0.0	0.057438818094405264
14	0.0005	1	0.0	0.006683130706237121
15	0.0005	1	0.0	0.028216019035740333
16	0.0005	1	0.0	0.012110852670263161
17	0.0005	1	0.0	0.015270300497385588
18	0.0005	1	0.0	0.01073287981138988
19	0.0005	1	0.0	1.800824395093051
20	0.0005	1	0.0	0.03547688526186076
21	0.0005	1	0.0	0.002185867500322109
22	0.0005	1	0.0	0.06346611563454975
23	0.0005	1	0.0	0.042964522743766956
24	0.0005	1	0.0	0.013796280578456142
25	0.0005	1	0.0	0.0354791559278965
26	0.0005	1	0.0	0.0017296363514932719
27	0.0005	1	0.0	0.0014213187916373665
28	0.0005	1	0.0	0.0026824905664067375
29	0.0005	1	0.0	0.0014072197447107598
30	0.0005	1	0.0	0.0018345805922184478
31	0.0005	1	0.0	0.001331706281582063
32	0.0005	1	0.0	0.002481624149632725
33	0.0005	1	0.0	0.0015456353335387327
34	0.0005	1	0.0	0.0011616905389184302
35	0.0005	1	0.0	0.010098141770471226
36	0.0005	1	0.0	0.0012361327143894
37	0.0005	1	0.0	0.0009726515336131508
38	0.0005	1	0.0	0.001923216805285351
39	0.0005	1	0.0	0.014157084849747745
40	0.0005	1	0.0	0.0022646827072921125
41	0.0005	1	0.0	0.0010156690439378673
42	0.0005	1	0.0	0.00137854214461351
43	0.0005	1	0.0	0.0010000700861300257
44	0.0005	1	0.0	0.0010545114838433536
45	0.0005	1	0.0	0.0012124682882462036
46	0.0005	1	0.0	0.0008890446741133928
47	0.0005	1	0.0	0.0008926776343617927
48	0.0005	1	0.0	0.0013066108846528964
49	0.0005	1	0.0	0.0008989923136224124
50	0.0005	1	0.0	0.0008421684604730796
1	0.001	1	0.0	0.27131640206683766
2	0.001	1	0.0	0.09156074266542089
3	0.001	1	0.0	0.05844800533218817
4	0.001	1	0.0	0.03233112909577109
5	0.001	1	0.0	0.015166976082731378
6	0.001	1	0.0	0.016375112702900714
7	0.001	1	0.0	3.2649397546594794
8	0.001	1	0.0	0.1252021850510077
9	0.001	1	0.0	0.03973712203177539
10	0.001	1	0.0	0.027338458597660063
11	0.001	1	0.0	0.009914740141142499
12	0.001	1	0.0	0.0071823549202897335
13	0.001	1	0.0	0.005326955536888404
14	0.001	1	0.0	0.005384110820225694
15	0.001	1	0.0	1.638277623870156
16	0.001	1	0.0	0.035804211382161485
17	0.001	1	0.0	0.0098490741527216
18	0.001	1	0.0	0.00626378661360253
19	0.001	1	0.0	0.004121966782787984
20	0.001	1	0.0	0.003709112277085131
21	0.001	1	0.0	0.004407781299034303
22	0.001	1	0.0	0.0031873499339615755
23	0.001	1	0.0	0.0018819116987287999
24	0.001	1	0.0	0.06804822453043678
25	0.001	1	0.0	0.019606836275620893
26	0.001	1	0.0	0.009985006922347979
27	0.001	1	0.0	0.008466678984801877
28	0.001	1	0.0	0.005560805233703418
29	0.001	1	0.0	0.007351412082260305
30	0.001	1	0.0	0.008554744551127607
31	0.001	1	0.0	0.011278924803164872
32	0.001	1	0.0	36.998605103926224
33	0.001	1	0.0	0.13024575520645487
34	0.001	1	0.0	0.047293207523497666
35	0.001	1	0.0	0.02246104949577288
36	0.001	1	0.0	0.01810603245076808
37	0.001	1	0.0	0.054302096976475284
38	0.001	1	0.0	0.040181646902452815
39	0.001	1	0.0	0.010079787654632872
40	0.001	1	0.0	0.009065343050116843
41	0.001	1	0.0	0.00513888789256188
42	0.001	1	0.0	0.018357803096825425
43	0.001	1	0.0	0.00907610333101316
44	0.001	1	0.0	0.005307747465981678
45	0.001	1	0.0	0.004656548895449801
46	0.001	1	0.0	0.01681752209974961
47	0.001	1	0.0	0.002330113782293417
48	0.001	1	0.0	0.001803499273955822
49	0.001	1	0.0	0.010635311529040337
50	0.001	1	0.0	0.00576104052703489
1	0.0001	2	0.0	13.84605133750222
2	0.0001	2	0.0	4.51507456519387
3	0.0001	2	0.0	2.774101972579956
4	0.0001	2	0.0	1.598172122781927
5	0.0001	2	0.0	0.8117519172755154
6	0.0001	2	0.0	0.3791625954888084
7	0.0001	2	0.0	0.1983138553120873
8	0.0001	2	0.0	0.3780175902626731
9	0.0001	2	0.0	0.10430889048359611
10	0.0001	2	0.0	0.07896788709542968
11	0.0001	2	0.0	0.06608707505193624
12	0.0001	2	0.0	0.07717580781741576
13	0.0001	2	0.0	0.09913801185109399
14	0.0001	2	0.0	0.03723901669410142
15	0.0001	2	0.0	0.032867549190467055
16	0.0001	2	0.0	0.03111718229272149
17	0.0001	2	0.0	0.021655660173432394
18	0.0001	2	0.0	0.017214060422371735
19	0.0001	2	0.0	0.01605548718097535
20	0.0001	2	0.0	0.057165842096913944
21	0.0001	2	0.0	0.013117315518585118
22	0.0001	2	0.0	0.009302759983322837
23	0.0001	2	0.0	0.008663026133382863
24	0.0001	2	0.0	0.007134447941048579
25	0.0001	2	0.0	0.006491785708137534
26	0.0001	2	0.0	0.006590762090953914
27	0.0001	2	0.0	0.005396311933344061
28	0.0001	2	0.0	0.00730422767387195
29	0.0001	2	0.0	0.004420838826759295
30	0.0001	2	0.0	0.00670819856565107
31	0.0001	2	0.0	0.00386611811647361
32	0.0001	2	0.0	0.01911408994346857
33	0.0001	2	0.0	0.07180093283003026
34	0.0001	2	0.0	0.003015924012288451
35	0.0001	2	0.0	0.0030292043758725577
36	0.0001	2	0.0	0.003027132979001511
37	0.0001	2	0.0	0.003240735253149813
38	0.0001	2	0.0	0.0030848616861145605
39	0.0001	2	0.0	1.2398246916857634
40	0.0001	2	0.0	0.005181307980621403
41	0.0001	2	0.0	0.0021754310106519947
42	0.0001	2	0.0	0.0022119611713357946
43	0.0001	2	0.0	0.01720158388330178
44	0.0001	2	0.0	0.004345666921951554
45	0.0001	2	0.0	0.0019861279097809032
46	0.0001	2	0.0	0.24865677898580377
47	0.0001	2	0.0	0.0022574763554571707
48	0.0001	2	0.0	0.030526074868711558
49	0.0001	2	0.0	0.004246184534647248
50	0.0001	2	0.0	0.0017974140037867155
1	0.0005	2	0.0	3.3047221010381524
2	0.0005	2	0.0	0.7110115300525318
3	0.0005	2	0.0	0.1953703449531035
4	0.0005	2	0.0	0.10590064918453043
5	0.0005	2	0.0	2.952449820258401
6	0.0005	2	0.0	0.051056173782457005
7	0.0005	2	0.0	2.163429180058566
8	0.0005	2	0.0	0.03234177038750865
9	0.0005	2	0.0	3.7316159638491544
10	0.0005	2	0.0	0.3854816003279252
11	0.0005	2	0.0	0.03450285585766489
12	0.0005	2	0.0	0.1347363749688322
13	0.0005	2	0.0	0.017748750339854846
14	0.0005	2	0.0	5.765535094521263
15	0.0005	2	0.0	0.017162487317215314
16	0.0005	2	0.0	0.021256076883185992
17	0.0005	2	0.0	0.011511904932558537
18	0.0005	2	0.0	0.022653097490018065
19	0.0005	2	0.0	0.17442843507636677
20	0.0005	2	0.0	0.009126095744696531
21	0.0005	2	0.0	0.006479605490511114
22	0.0005	2	0.0	0.00626645450564948
23	0.0005	2	0.0	0.10415766591375525
24	0.0005	2	0.0	0.020400813696059315
25	0.0005	2	0.0	0.004466111886061051
26	0.0005	2	0.0	2.991850813952359
27	0.0005	2	0.0	0.02096496478400447
28	0.0005	2	0.0	0.0037976514590396123
29	0.0005	2	0.0	0.03431048979136077
30	0.0005	2	0.0	0.5394247997890819
31	0.0005	2	0.0	0.15803100575100293
32	0.0005	2	0.0	0.008703948007049886
33	0.0005	2	0.0	0.022137436710975386
34	0.0005	2	0.0	0.008664280210028996
35	0.0005	2	0.0	0.006741744127463211
36	0.0005	2	0.0	0.005073181226510893
37	0.0005	2	0.0	0.5365386989983645
38	0.0005	2	0.0	0.0443234344097701
39	0.0005	2	0.0	0.006623658182268793
40	0.0005	2	0.0	0.18741061416539279
41	0.0005	2	0.0	0.40518324808640915
42	0.0005	2	0.0	0.013052689233286814
43	0.0005	2	0.0	0.008131328521465713
44	0.0005	2	0.0	0.0063466114754026585
45	0.0005	2	0.0	0.005035882680253549
46	0.0005	2	0.0	0.004283303691243584
47	0.0005	2	0.0	0.004553699319843542
48	0.0005	2	0.0	0.0030103208327835257
49	0.0005	2	0.0	0.024690252136100422
50	0.0005	2	0.0	0.0024790466826578434
1	0.001	2	0.0	0.5182165053757755
2	0.001	2	0.0	9.182263963872737
3	0.001	2	0.0	0.08169722597707402
4	0.001	2	0.0	0.5874587850137191
5	0.001	2	0.0	0.05169829648326744
6	0.001	2	0.0	0.6178049661896445
7	0.001	2	0.0	0.2972716664726084
8	0.001	2	0.0	0.024699765308336778
9	0.001	2	0.0	0.07159259387037971
10	0.001	2	0.0	0.18293816636909138
11	0.001	2	0.0	1.3197922056371516
12	0.001	2	0.0	0.9985435279932889
13	0.001	2	0.0	0.28637333810329435
14	0.001	2	0.0	0.16164539158344268
15	0.001	2	0.0	0.10640493902293119
16	0.001	2	0.0	0.07193157611922785
17	0.001	2	0.0	0.04800332520495761
18	0.001	2	0.0	0.03889448937367309
19	0.001	2	0.0	0.021579085832292382
20	0.001	2	0.0	0.02225784540853717
21	0.001	2	0.0	0.015039346858181736
22	0.001	2	0.0	0.011600430360571904
23	0.001	2	0.0	0.020206147703257474
24	0.001	2	0.0	0.008160735285756263
25	0.001	2	0.0	0.6945679252797907
26	0.001	2	0.0	0.1802799720655788
27	0.001	2	0.0	0.08074750602245331
28	0.001	2	0.0	0.05415931852026419
29	0.001	2	0.0	0.033558753098953856
30	0.001	2	0.0	0.02018003086136146
31	0.001	2	0.0	0.016882434334944595
32	0.001	2	0.0	0.023313576186245136
33	0.001	2	0.0	0.008478854020888155
34	0.001	2	0.0	0.006535410974174738
35	0.001	2	0.0	229.0019608931108
36	0.001	2	0.0	53.19125178943981
37	0.001	2	0.0	14.712469118291681
38	0.001	2	0.0	4.8666010076349435
39	0.001	2	0.0	2.525262416492809
40	0.001	2	0.0	1.4227938413619996
41	0.001	2	0.0	0.9670456279407847
42	0.001	2	0.0	0.6542391663247888
43	0.001	2	0.0	0.535086715221405
44	0.001	2	0.0	0.34907951138236304
45	0.001	2	0.0	0.25167423351244494
46	0.001	2	0.0	0.16804394234310496
47	0.001	2	0.0	0.12754191945899618
48	0.001	2	0.0	0.08470066501335664
49	0.001	2	0.0	0.07074696712873199
50	0.001	2	0.0	0.042460145869038325
1	0.0001	3	0.0	130.26121742942115
2	0.0001	3	0.0	19.41202243458141
3	0.0001	3	0.0	7.32158446745439
4	0.0001	3	0.0	4.147685649178245
5	0.0001	3	0.0	2.7766149564222857
6	0.0001	3	0.0	1.9461782758886164
7	0.0001	3	0.0	1.3603961185975508
8	0.0001	3	0.0	0.9370124621824785
9	0.0001	3	0.0	0.6318339141932401
10	0.0001	3	0.0	0.42988708181814717
11	0.0001	3	0.0	0.2999214600433003
12	0.0001	3	0.0	0.233540647409179
13	0.0001	3	0.0	0.18228706053712151
14	0.0001	3	0.0	0.14074135666543788
15	0.0001	3	0.0	0.11726567298173904
16	0.0001	3	0.0	0.10113149718804793
17	0.0001	3	0.0	0.09014012495225127
18	0.0001	3	0.0	0.0770635612308979
19	0.0001	3	0.0	0.07643774429505522
20	0.0001	3	0.0	0.05021728805520318
21	0.0001	3	0.0	0.04407247338782657
22	0.0001	3	0.0	0.036112519150430504
23	0.0001	3	0.0	0.0783351606266065
24	0.0001	3	0.0	0.34844725728034975
25	0.0001	3	0.0	0.023205681280656296
26	0.0001	3	0.0	0.019656258178028192
27	0.0001	3	0.0	0.06637152860110457
28	0.0001	3	0.0	0.02438845251771537
29	0.0001	3	0.0	0.015389484979889609
30	0.0001	3	0.0	0.5479208913716402
31	0.0001	3	0.0	0.010703289999880574
32	0.0001	3	0.0	0.010529601184481924
33	0.0001	3	0.0	3.5847634792327883
34	0.0001	3	0.0	0.007137433668090539
35	0.0001	3	0.0	0.15532192398201336
36	0.0001	3	0.0	0.006738755809651179
37	0.0001	3	0.0	0.005926448674025861
38	0.0001	3	0.0	0.019253380308774385
39	0.0001	3	0.0	0.01287904798307202
40	0.0001	3	0.0	0.004712376853620464
41	0.0001	3	0.0	0.005549510051919656
42	0.0001	3	0.0	0.013020487163554539
43	0.0001	3	0.0	0.007081279404122721
44	0.0001	3	0.0	0.0038720961321483957
45	0.0001	3	0.0	0.0046674262774600225
46	0.0001	3	0.0	0.0030218329873274675
47	0.0001	3	0.0	0.0038795789280398328
48	0.0001	3	0.0	0.01951091555370526
49	0.0001	3	0.0	0.002658987625248053
50	0.0001	3	0.0	0.009262875797735019
1	0.0005	3	0.0	3.432995180650191
2	0.0005	3	0.0	0.8265262842178345
3	0.0005	3	0.0	0.27382080284031957
4	0.0005	3	0.0	0.11380858028476888
5	0.0005	3	0.0	0.07745753384449265
6	0.0005	3	0.0	0.05454328297214075
7	0.0005	3	0.0	0.03006792799992995
8	0.0005	3	0.0	0.02115834519605745
9	0.0005	3	0.0	0.3894183841618625
10	0.0005	3	0.0	0.015266047468916936
11	0.0005	3	0.0	0.010785734255544164
12	0.0005	3	0.0	0.015614011206410148
13	0.0005	3	0.0	0.01880526943978938
14	0.0005	3	0.0	0.5949000510302457
15	0.0005	3	0.0	0.02277156693691557
16	0.0005	3	0.0	0.021228346533396027
17	0.0005	3	0.0	0.012074766832996499
18	0.0005	3	0.0	0.010372310809113763
19	0.0005	3	0.0	0.02597855238074606
20	0.0005	3	0.0	0.714619330926375
21	0.0005	3	0.0	0.14597859585827047
22	0.0005	3	0.0	0.1257122364911166
23	0.0005	3	0.0	0.5561738778244365
24	0.0005	3	0.0	0.02475415999916467
25	0.0005	3	0.0	0.004632779519835656
26	0.0005	3	0.0	0.008843854332173412
27	0.0005	3	0.0	0.01318182609975338
28	0.0005	3	0.0	0.0031624497507106173
29	0.0005	3	0.0	0.0030438973145051436
30	0.0005	3	0.0	0.1739616946740584
31	0.0005	3	0.0	0.0042423642917790196
32	0.0005	3	0.0	0.0053819818252866915
33	0.0005	3	0.0	0.008141612066802653
34	0.0005	3	0.0	0.002820686477405781
35	0.0005	3	0.0	0.007036856477233497
36	0.0005	3	0.0	1.0533064896410163
37	0.0005	3	0.0	0.019174068844453857
38	0.0005	3	0.0	0.01070424145595594
39	0.0005	3	0.0	0.006202967210926793
40	0.0005	3	0.0	0.014241637577387419
41	0.0005	3	0.0	0.00636719601567496
42	0.0005	3	0.0	0.00450209568423981
43	0.0005	3	0.0	0.005830186800184575
44	0.0005	3	0.0	0.004044781820001927
45	0.0005	3	0.0	0.012190328199755062
46	0.0005	3	0.0	0.002619778661226684
47	0.0005	3	0.0	0.004799844460053877
48	0.0005	3	0.0	0.0028439568482678044
49	0.0005	3	0.0	0.0235858848487789
50	0.0005	3	0.0	0.04414574009450999
1	0.001	3	0.0	0.8204904187809338
2	0.001	3	0.0	0.21976378532973204
3	0.001	3	0.0	0.1225429354743524
4	0.001	3	0.0	0.08757435327226465
5	0.001	3	0.0	0.05818851908499544
6	0.001	3	0.0	0.04257777096195654
7	0.001	3	0.0	0.02750807482410561
8	0.001	3	0.0	0.24057652977379887
9	0.001	3	0.0	0.01773689150471579
10	0.001	3	0.0	0.016697633740576832
11	0.001	3	0.0	0.011104548629373313
12	0.001	3	0.0	0.009623419239439747
13	0.001	3	0.0	0.007839447073638438
14	0.001	3	0.0	0.04919750074093992
15	0.001	3	0.0	0.005773461246016351
16	0.001	3	0.0	0.03033325621350245
17	0.001	3	0.0	0.008695204555988312
18	0.001	3	0.0	0.003821227555586533
19	0.001	3	0.0	0.012060938589274883
20	0.001	3	0.0	0.004201104864478111
21	0.001	3	0.0	0.006520385726947676
22	0.001	3	0.0	8464.094904119318
23	0.001	3	0.0	3.0900856841694226
24	0.001	3	0.0	0.65577244812792
25	0.001	3	0.0	0.2863282322883606
26	0.001	3	0.0	0.18184669478373094
27	0.001	3	0.0	0.11966926821253517
28	0.001	3	0.0	0.08899123898961327
29	0.001	3	0.0	0.06366328292272308
30	0.001	3	0.0	0.04959907335313884
31	0.001	3	0.0	0.05302005227316509
32	0.001	3	0.0	0.0303508634255691
33	0.001	3	0.0	0.02522080120715228
34	0.001	3	0.0	0.05042594224214554
35	0.001	3	0.0	0.02549208023331382
36	0.001	3	0.0	0.02121706543998285
37	0.001	3	0.0	0.01501067423007705
38	0.001	3	0.0	0.018840908648615533
39	0.001	3	0.0	0.013109419731931252
40	0.001	3	0.0	0.021060969375751235
41	0.001	3	0.0	0.031331011314283716
42	0.001	3	0.0	0.015077674913812768
43	0.001	3	0.0	0.015751718848266386
44	0.001	3	0.0	0.012516565824096854
45	0.001	3	0.0	0.0049129956317218865
46	0.001	3	0.0	0.016262496025724844
47	0.001	3	0.0	0.011944085342640227
48	0.001	3	0.0	0.012131917341188951
49	0.001	3	0.0	0.025139887393875557
50	0.001	3	0.0	0.004299230678853664
